# name: XX
# type: matrix
# rows: 1250
# columns: 2
 1.343973435284349 0.1511043422294572
 0.9626717660160129 0.3827812289862362
 0.5023257633515988 -0.1813927047883676
 0.3677464033583122 0.804004582610822
 -0.8079136978717317 0.2692090961704308
 -0.0009839737052380589 1.255735608783367
 -1.836758203683967 1.09280596364633
 0.7049975116855757 -0.0939385266970631
 -0.4926820315447826 0.2701699843051441
 -0.5154880562626387 -0.8746272053352131
 0.2859709199238535 -1.101405755352134
 1.280137459289205 -0.09379842352093205
 -0.5780725319958692 0.8580201601871377
 -0.4510379147063083 -0.4391413130203315
 0.7203611906100401 0.08270758715726167
 -1.529276070923613 -2.12500790912578
 -0.1989303018457779 -0.02373840832241297
 -0.009859049243731077 0.2138261077222373
 -1.033372812651856 -0.7661342587133747
 -1.23033146352275 -0.4899580542442142
 0.9738152291789524 0.4251682624654583
 -0.9532269939948056 -1.02727971664388
 0.3776272265683127 -0.8068393773833543
 -1.346928354833395 -0.04324109937863382
 -0.1142916925511752 1.387478476090103
 -0.2863821372177402 -0.2192142742492304
 -0.9538815117751579 0.7712166599347053
 -0.5125292284613414 -1.144831375404672
 -1.099630406610698 -0.1072444812198286
 0.02308760188740229 0.5322548181883272
 -2.002101545683133 0.6175012213511133
 0.4125000647767902 0.2231558998873852
 -0.0215745612958964 -2.327888098428836
 -0.4897060895742182 1.378737208842818
 0.2817485736327143 -1.221159832004669
 -1.448216208647671 -0.7106786236451218
 -1.036213673525886 0.6731776382016932
 1.72504008771142 1.123506858832479
 0.4834316479322991 1.243483298854207
 1.361805762451075 0.7938949790437078
 2.098169990968651 -1.070422993543656
 -0.5487071387824748 0.2046690903961527
 -0.4664990111128263 1.601473571450292
 -0.9470175203159068 -1.202461279575553
 -0.00330260950012688 -0.3948623960462574
 0.8211464317291467 0.3799197882516583
 0.2737213359954959 0.692488521425184
 -2.037566782201891 2.235291264083173
 -0.0832378449422163 -0.2303629066415655
 0.01651839658437887 0.17270285362719
 0.4586423470132558 -0.4471444251376077
 -0.1395045692570366 -0.6064155927281241
 -2.846102645474967 -1.940419592207651
 -0.8705319578024151 -0.4261962181584743
 0.001950728222213032 -2.595013594029369
 0.2720715279628403 -1.066963314274947
 1.016227217586105 -0.8480628490743972
 0.00651763024235953 -0.1098877621761414
 -1.007544255757752 0.5693020079219343
 1.652131812490088 0.6227716564486238
 -0.970077888207829 0.3826823161034684
 -0.03316226480658074 0.1518238648516595
 -0.2823073754175072 -0.2825928268271653
 -0.09899311490335322 -1.173116401490981
 0.2808132817005687 -0.8343444245928794
 0.463272122921841 -1.722524533491976
 1.872446175916074 0.4141322619033012
 1.248877860561026 -0.05327227198728138
 -0.2794771064626801 -0.9834045067172433
 0.1142381563489639 1.566660579940851
 0.3611559961941616 -0.4602131802408257
 0.4382615735185839 1.447204399995591
 0.1603605760127947 -0.5520075029897372
 -0.07667674158530932 1.398915581133745
 0.2762391579761087 -0.5535585881061545
 -0.5506591493273555 -1.623824984192684
 0.1912756161716528 0.8986038192562908
 0.953525768470994 -0.8304840205843155
 -0.6157879641943765 -2.851444003089666
 1.07267390561373 0.4046952553426934
 0.07536069659747154 -1.099538891860268
 -1.388792956288006 0.4773273622827732
 -0.9967863916481616 -0.1227728676421082
 0.6746487567558361 0.8396089361256551
 0.4875805463532291 -0.03636559086745596
 -0.02940326651180396 -0.4637232610055436
 1.340381099777324 0.2434922531123926
 0.9281212862931213 0.3698523839324076
 0.2610511378544152 -0.4189683458453805
 -1.162798692290872 -0.7607075722466768
 0.01187026289836061 0.5078674902671984
 1.295571413262148 -0.8480852282692052
 -1.387047499910874 0.3821433976241824
 -0.706974646471498 0.3655673410464917
 1.4492230988696 -1.234507938696561
 -1.209504882696671 0.2277863128392754
 0.1346780179204047 0.07030270761967904
 0.1315972010069504 -0.7214782416786188
 0.2599497635367236 -0.8442381915742443
 1.598412929177599 -2.854868714896919
 -1.432988898861614 0.232967034711495
 -1.008129363436662 -0.5189474483313576
 1.075497300631139 0.478224971333586
 -1.27441191893962 -0.7841473832420455
 0.02069749115211966 0.9918869044989485
 0.1861561118476543 -0.4853653189256859
 1.728619846683999 0.7926350462218403
 0.6789071871803165 -0.5407510809159511
 0.2962736737887706 1.453708833292619
 -1.98549432338222 -1.483349995325024
 0.2607380239162731 1.189482151108663
 0.1179720336090738 -1.031551332485203
 0.4773043195059472 -1.338507541207367
 -0.1058664015219868 -1.685732654313
 -1.309746380585371 -0.2194064571605863
 -0.07523113530919322 -1.141681032120149
 0.7681997848678983 -0.1550045242305548
 -2.21648702271097 -0.6826373843224306
 0.4313891551935605 0.1434239636751445
 -1.252167097584024 1.453885944427078
 -0.4199732234236833 -0.6257057174151872
 0.3451322229101772 0.3939615582903067
 -0.5163450675178746 0.3531196978600737
 -0.01239277756798238 1.103083900510693
 0.4807835829006829 -2.796173740494225
 0.542665995070062 -1.087932864287256
 -1.048642644804202 -0.3641292497092522
 -0.02997167753835796 -0.7168395065122242
 0.02138059087015245 -1.015035078927807
 0.4843836198348537 0.5667834194767331
 0.1747198465257619 -1.14301438861812
 -1.588504958695532 1.362704872845054
 -1.321569437414813 -0.09453108380873944
 -1.57918475070589 -1.586389238335381
 -0.1616673996993996 -0.3359299207747199
 -0.2778656835327961 0.09414983992285718
 0.7649352924827055 0.9898718909180747
 -0.3740791334103716 1.161235415142013
 0.5660145229804573 0.889994976167115
 -1.524831947593778 -0.6826090485147972
 0.2138140772827788 0.07679872028355009
 1.041618992252305 0.1857882676386721
 -1.432691826022953 -2.453617796942658
 0.01285656417959147 0.0631321835083951
 -0.6821157170468168 -0.007644685323814973
 0.08121763066521111 1.281975510056679
 0.928613091810326 -1.341835212025601
 -0.7537112909613272 0.380637911935273
 -1.262936788529065 0.3338671168246137
 -0.8168471976390329 1.034153639267691
 0.8859821443668723 0.01340012093235292
 -1.279636076671352 1.015817679289971
 -1.465894355084482 -0.2486167419338617
 0.4807405653737757 -0.5740877399657044
 0.311365817068287 0.582798982974585
 -0.1460902658977618 -0.6230767407688711
 -2.113898661817569 1.541079305732742
 1.104018320184138 0.1471963707926467
 -0.8334199845333883 0.1616938432809173
 -0.6638132821709695 -1.066504296741996
 0.7684828537159905 -0.1137416519650086
 -0.1515079202138064 0.991283115540794
 -0.4063711405801325 -1.293364604942041
 0.5258971863634124 0.5288829328821971
 -0.4666764512689845 -0.06729390689738605
 0.0585610358661368 1.812578633092969
 -2.107684168527288 -0.9882755081987493
 0.09203130982192524 1.442344258376561
 -0.8836345000665478 -0.03435461855241719
 0.3937725599025574 -0.527302018301646
 -0.9577820173654701 -0.1459072619097406
 -1.346860762590112 -0.594715442991483
 -2.142055667780048 -1.324369362591022
 1.13320101532332 0.06459252023732132
 -0.7621214858273492 -0.8938777745896419
 0.8421409669183842 0.7950771198536355
 1.133463630467501 -0.9301468858485185
 -0.2685699289274616 -0.9586588290902407
 -0.02802529018190613 -0.8232622307371752
 0.05045940382474396 2.080367557842135
 -2.069213869594024 1.438019563751626
 -1.305114511785924 0.09169120415599027
 2.453523802914729 -0.6662061576067219
 -0.9221051270232633 0.621612174177149
 -0.1979448027914586 -0.3865110500916272
 0.3017419347680292 -0.2895693927362786
 -0.7811192511845484 1.839165746553751
 0.1229162271313783 0.01542723409740245
 1.457321507134644 -0.3123364667341174
 -1.20184515533334 -1.385161065561518
 -0.6697478993411432 0.1896660434917834
 -1.402948665248458 -0.1949413025086699
 -0.4011746513891631 1.98509070267947
 0.7842718298905326 -1.767575586972911
 -0.3067651717556616 0.1645371843870976
 0.7626297343201156 -0.5323550472217434
 -0.6955120134455534 -0.3603225101538509
 -0.2959267230688141 1.054608034066308
 -0.5307863657877698 0.2344095239756237
 0.3678797700909553 0.1817937234912828
 -0.3997805332560775 0.7762736496317529
 1.625760204128515 -1.361324464383364
 1.091727196540715 -0.7178747217048796
 -1.744408512830382 1.327212941317627
 0.2911375091534155 1.376479356523567
 0.3523193982866582 0.0658808226146424
 0.4171347081028475 0.0008122047312275376
 -0.7098246739288618 -0.6785594498380829
 -0.579057901556974 -0.1710920162054151
 -0.9520281907759617 1.399440546364336
 0.5969049511479784 1.506501774831826
 1.654715375905058 1.699753910803254
 -0.4226347560867654 0.271932685744733
 0.1496477838962311 -0.3633353854865218
 -1.13134069333555 1.833014949346707
 0.1709292423780319 1.041416776042217
 -1.803622011531828 -0.3782709030370368
 -0.917973299317166 0.2740542110845927
 -0.7629075997766425 -0.5427092036099069
 1.56510391810138 0.2030089046758455
 -0.5225961697055802 0.9488144377110366
 0.7129425593210716 -0.2002729222161687
 -1.382729547287947 0.3694571244024112
 -0.1485626648257165 -0.1260197324460519
 0.9229747322557496 0.5386403501525364
 -0.5480318433035295 1.477400352488255
 1.26270203553323 -0.4580971208208832
 1.974531047524541 0.3609998486063801
 -1.509179652972046 0.6348957042730528
 0.8310061220137032 -1.100913006645843
 -1.688996587152116 0.6585089575558034
 -1.357041782237725 -0.3254816878430095
 -0.04609842737830364 -0.5911172012320934
 0.05545713260815012 0.04139129359502007
 -0.4133086284583391 0.4582383772928463
 -1.939384047046053 -1.01177033368256
 0.5126918627066377 0.2962270909342798
 0.3225992993055531 1.214165432266141
 0.8205867162150302 0.09751454949879239
 -0.7594933476413007 0.5960838880994859
 -0.5328080394438351 0.1717077551713314
 0.1900053461038481 -0.3240422407581619
 -1.071540050190437 0.4568443257564085
 -0.1464506307015601 1.960380784285491
 1.065823994025603 1.593979163308844
 1.60598879942826 1.202078889175671
 -0.6435621008547965 2.600142528695923
 -0.9959562943329631 0.2111254375808719
 -0.005766304634162416 -1.279601695428232
 -0.2904755722092123 -2.262477875262641
 4.343973435284349 3.151104342229457
 3.962671766016013 3.382781228986236
 3.502325763351599 2.818607295211633
 3.367746403358312 3.804004582610822
 2.192086302128268 3.269209096170431
 2.999016026294762 4.255735608783366
 1.163241796316033 4.092805963646329
 3.704997511685576 2.906061473302937
 2.507317968455217 3.270169984305144
 2.484511943737362 2.125372794664787
 3.285970919923853 1.898594244647866
 4.280137459289206 2.906201576479068
 2.421927468004131 3.858020160187138
 2.548962085293692 2.560858686979668
 3.72036119061004 3.082707587157262
 1.470723929076387 0.8749920908742199
 2.801069698154222 2.976261591677587
 2.990140950756269 3.213826107722237
 1.966627187348144 2.233865741286625
 1.76966853647725 2.510041945755786
 3.973815229178952 3.425168262465458
 2.046773006005195 1.97272028335612
 3.377627226568312 2.193160622616646
 1.653071645166605 2.956758900621366
 2.885708307448825 4.387478476090103
 2.71361786278226 2.78078572575077
 2.046118488224842 3.771216659934705
 2.487470771538659 1.855168624595328
 1.900369593389302 2.892755518780171
 3.023087601887402 3.532254818188327
 0.9978984543168674 3.617501221351113
 3.41250006477679 3.223155899887385
 2.978425438704104 0.6721119015711641
 2.510293910425782 4.378737208842818
 3.281748573632714 1.778840167995331
 1.551783791352329 2.289321376354878
 1.963786326474114 3.673177638201693
 4.72504008771142 4.12350685883248
 3.483431647932299 4.243483298854207
 4.361805762451075 3.793894979043708
 5.098169990968651 1.929577006456344
 2.451292861217525 3.204669090396153
 2.533500988887174 4.601473571450292
 2.052982479684093 1.797538720424447
 2.996697390499873 2.605137603953743
 3.821146431729147 3.379919788251658
 3.273721335995496 3.692488521425184
 0.9624332177981088 5.235291264083173
 2.916762155057784 2.769637093358435
 3.016518396584379 3.17270285362719
 3.458642347013256 2.552855574862392
 2.860495430742963 2.393584407271876
 0.1538973545250331 1.059580407792349
 2.129468042197585 2.573803781841526
 3.001950728222213 0.404986405970631
 3.272071527962841 1.933036685725053
 4.016227217586105 2.151937150925603
 3.00651763024236 2.890112237823859
 1.992455744242248 3.569302007921934
 4.652131812490088 3.622771656448624
 2.029922111792171 3.382682316103468
 2.966837735193419 3.151823864851659
 2.717692624582493 2.717407173172835
 2.901006885096647 1.826883598509019
 3.280813281700569 2.165655575407121
 3.463272122921841 1.277475466508024
 4.872446175916074 3.414132261903301
 4.248877860561026 2.946727728012719
 2.72052289353732 2.016595493282757
 3.114238156348964 4.566660579940852
 3.361155996194161 2.539786819759174
 3.438261573518584 4.447204399995591
 3.160360576012795 2.447992497010263
 2.923323258414691 4.398915581133745
 3.276239157976109 2.446441411893845
 2.449340850672645 1.376175015807316
 3.191275616171653 3.898603819256291
 3.953525768470994 2.169515979415685
 2.384212035805624 0.1485559969103338
 4.07267390561373 3.404695255342693
 3.075360696597472 1.900461108139732
 1.611207043711994 3.477327362282773
 2.003213608351838 2.877227132357892
 3.674648756755836 3.839608936125655
 3.487580546353229 2.963634409132544
 2.970596733488196 2.536276738994456
 4.340381099777323 3.243492253112393
 3.928121286293121 3.369852383932407
 3.261051137854415 2.58103165415462
 1.837201307709128 2.239292427753323
 3.01187026289836 3.507867490267198
 4.295571413262149 2.151914771730795
 1.612952500089126 3.382143397624183
 2.293025353528502 3.365567341046492
 4.4492230988696 1.765492061303439
 1.790495117303329 3.227786312839275
 3.134678017920405 3.070302707619679
 3.13159720100695 2.278521758321381
 3.259949763536723 2.155761808425756
 4.598412929177599 0.1451312851030813
 1.567011101138386 3.232967034711495
 1.991870636563338 2.481052551668642
 4.075497300631138 3.478224971333586
 1.72558808106038 2.215852616757954
 3.02069749115212 3.991886904498949
 3.186156111847654 2.514634681074314
 4.728619846683999 3.79263504622184
 3.678907187180316 2.459248919084049
 3.296273673788771 4.45370883329262
 1.01450567661778 1.516650004674976
 3.260738023916273 4.189482151108663
 3.117972033609074 1.968448667514797
 3.477304319505947 1.661492458792633
 2.894133598478013 1.314267345687
 1.690253619414629 2.780593542839414
 2.924768864690807 1.858318967879851
 3.768199784867898 2.844995475769445
 0.7835129772890297 2.31736261567757
 3.43138915519356 3.143423963675144
 1.747832902415976 4.453885944427078
 2.580026776576317 2.374294282584813
 3.345132222910177 3.393961558290307
 2.483654932482125 3.353119697860074
 2.987607222432018 4.103083900510693
 3.480783582900683 0.2038262595057749
 3.542665995070062 1.912067135712744
 1.951357355195798 2.635870750290748
 2.970028322461642 2.283160493487776
 3.021380590870153 1.984964921072193
 3.484383619834854 3.566783419476733
 3.174719846525762 1.85698561138188
 1.411495041304468 4.362704872845054
 1.678430562585187 2.905468916191261
 1.42081524929411 1.413610761664619
 2.8383326003006 2.66407007922528
 2.722134316467204 3.094149839922857
 3.764935292482706 3.989871890918075
 2.625920866589628 4.161235415142013
 3.566014522980457 3.889994976167115
 1.475168052406222 2.317390951485203
 3.213814077282779 3.07679872028355
 4.041618992252305 3.185788267638672
 1.567308173977047 0.5463822030573424
 3.012856564179592 3.063132183508395
 2.317884282953183 2.992355314676185
 3.081217630665211 4.281975510056679
 3.928613091810326 1.658164787974399
 2.246288709038673 3.380637911935273
 1.737063211470935 3.333867116824614
 2.183152802360967 4.034153639267691
 3.885982144366873 3.013400120932353
 1.720363923328648 4.01581767928997
 1.534105644915518 2.751383258066138
 3.480740565373776 2.425912260034296
 3.311365817068287 3.582798982974585
 2.853909734102238 2.376923259231129
 0.886101338182431 4.541079305732742
 4.104018320184138 3.147196370792646
 2.166580015466612 3.161693843280917
 2.336186717829031 1.933495703258004
 3.76848285371599 2.886258348034991
 2.848492079786193 3.991283115540794
 2.593628859419868 1.706635395057959
 3.525897186363412 3.528882932882197
 2.533323548731016 2.932706093102614
 3.058561035866137 4.812578633092969
 0.892315831472712 2.01172449180125
 3.092031309821925 4.442344258376561
 2.116365499933452 2.965645381447583
 3.393772559902557 2.472697981698354
 2.04221798263453 2.854092738090259
 1.653139237409888 2.405284557008517
 0.8579443322199518 1.675630637408978
 4.13320101532332 3.064592520237321
 2.237878514172651 2.106122225410358
 3.842140966918384 3.795077119853635
 4.133463630467501 2.069853114151481
 2.731430071072539 2.041341170909759
 2.971974709818094 2.176737769262825
 3.050459403824744 5.080367557842136
 0.9307861304059761 4.438019563751626
 1.694885488214076 3.09169120415599
 5.453523802914729 2.333793842393278
 2.077894872976737 3.621612174177149
 2.802055197208541 2.613488949908373
 3.301741934768029 2.710430607263721
 2.218880748815452 4.839165746553752
 3.122916227131378 3.015427234097403
 4.457321507134644 2.687663533265883
 1.79815484466666 1.614838934438482
 2.330252100658857 3.189666043491783
 1.597051334751542 2.80505869749133
 2.598825348610837 4.985090702679471
 3.784271829890533 1.232424413027089
 2.693234828244338 3.164537184387098
 3.762629734320115 2.467644952778257
 2.304487986554447 2.639677489846149
 2.704073276931186 4.054608034066309
 2.46921363421223 3.234409523975624
 3.367879770090955 3.181793723491283
 2.600219466743923 3.776273649631753
 4.625760204128515 1.638675535616636
 4.091727196540715 2.28212527829512
 1.255591487169618 4.327212941317628
 3.291137509153415 4.376479356523567
 3.352319398286658 3.065880822614643
 3.417134708102847 3.000812204731227
 2.290175326071138 2.321440550161917
 2.420942098443026 2.828907983794585
 2.047971809224038 4.399440546364336
 3.596904951147978 4.506501774831826
 4.654715375905059 4.699753910803254
 2.577365243913235 3.271932685744733
 3.149647783896231 2.636664614513478
 1.86865930666445 4.833014949346707
 3.170929242378032 4.041416776042217
 1.196377988468172 2.621729096962963
 2.082026700682834 3.274054211084592
 2.237092400223358 2.457290796390093
 4.565103918101379 3.203008904675845
 2.47740383029442 3.948814437711037
 3.712942559321072 2.799727077783831
 1.617270452712053 3.369457124402411
 2.851437335174284 2.873980267553948
 3.922974732255749 3.538640350152536
 2.45196815669647 4.477400352488255
 4.262702035533231 2.541902879179117
 4.974531047524541 3.36099984860638
 1.490820347027954 3.634895704273053
 3.831006122013703 1.899086993354157
 1.311003412847884 3.658508957555803
 1.642958217762275 2.67451831215699
 2.953901572621696 2.408882798767907
 3.05545713260815 3.04139129359502
 2.586691371541661 3.458238377292846
 1.060615952953947 1.98822966631744
 3.512691862706638 3.29622709093428
 3.322599299305553 4.214165432266141
 3.82058671621503 3.097514549498793
 2.240506652358699 3.596083888099486
 2.467191960556165 3.171707755171331
 3.190005346103848 2.675957759241838
 1.928459949809563 3.456844325756409
 2.85354936929844 4.960380784285491
 4.065823994025603 4.593979163308845
 4.60598879942826 4.20207888917567
 2.356437899145203 5.600142528695923
 2.004043705667037 3.211125437580872
 2.994233695365838 1.720398304571768
 2.709524427790788 0.7375221247373589
 4.343973435284349 -2.848895657770543
 3.962671766016013 -2.617218771013764
 3.502325763351599 -3.181392704788367
 3.367746403358312 -2.195995417389178
 2.192086302128268 -2.730790903829569
 2.999016026294762 -1.744264391216633
 1.163241796316033 -1.90719403635367
 3.704997511685576 -3.093938526697063
 2.507317968455217 -2.729830015694856
 2.484511943737362 -3.874627205335213
 3.285970919923853 -4.101405755352134
 4.280137459289206 -3.093798423520932
 2.421927468004131 -2.141979839812862
 2.548962085293692 -3.439141313020332
 3.72036119061004 -2.917292412842738
 1.470723929076387 -5.12500790912578
 2.801069698154222 -3.023738408322413
 2.990140950756269 -2.786173892277763
 1.966627187348144 -3.766134258713375
 1.76966853647725 -3.489958054244214
 3.973815229178952 -2.574831737534542
 2.046773006005195 -4.02727971664388
 3.377627226568312 -3.806839377383354
 1.653071645166605 -3.043241099378634
 2.885708307448825 -1.612521523909897
 2.71361786278226 -3.21921427424923
 2.046118488224842 -2.228783340065295
 2.487470771538659 -4.144831375404672
 1.900369593389302 -3.107244481219829
 3.023087601887402 -2.467745181811673
 0.9978984543168674 -2.382498778648887
 3.41250006477679 -2.776844100112615
 2.978425438704104 -5.327888098428836
 2.510293910425782 -1.621262791157182
 3.281748573632714 -4.22115983200467
 1.551783791352329 -3.710678623645122
 1.963786326474114 -2.326822361798307
 4.72504008771142 -1.876493141167521
 3.483431647932299 -1.756516701145793
 4.361805762451075 -2.206105020956292
 5.098169990968651 -4.070422993543656
 2.451292861217525 -2.795330909603847
 2.533500988887174 -1.398526428549708
 2.052982479684093 -4.202461279575553
 2.996697390499873 -3.394862396046257
 3.821146431729147 -2.620080211748342
 3.273721335995496 -2.307511478574816
 0.9624332177981088 -0.7647087359168268
 2.916762155057784 -3.230362906641565
 3.016518396584379 -2.82729714637281
 3.458642347013256 -3.447144425137608
 2.860495430742963 -3.606415592728124
 0.1538973545250331 -4.940419592207651
 2.129468042197585 -3.426196218158474
 3.001950728222213 -5.595013594029369
 3.272071527962841 -4.066963314274947
 4.016227217586105 -3.848062849074397
 3.00651763024236 -3.109887762176141
 1.992455744242248 -2.430697992078066
 4.652131812490088 -2.377228343551376
 2.029922111792171 -2.617317683896532
 2.966837735193419 -2.848176135148341
 2.717692624582493 -3.282592826827165
 2.901006885096647 -4.173116401490981
 3.280813281700569 -3.834344424592879
 3.463272122921841 -4.722524533491976
 4.872446175916074 -2.585867738096699
 4.248877860561026 -3.053272271987281
 2.72052289353732 -3.983404506717243
 3.114238156348964 -1.433339420059149
 3.361155996194161 -3.460213180240826
 3.438261573518584 -1.552795600004409
 3.160360576012795 -3.552007502989737
 2.923323258414691 -1.601084418866255
 3.276239157976109 -3.553558588106155
 2.449340850672645 -4.623824984192684
 3.191275616171653 -2.101396180743709
 3.953525768470994 -3.830484020584315
 2.384212035805624 -5.851444003089666
 4.07267390561373 -2.595304744657307
 3.075360696597472 -4.099538891860267
 1.611207043711994 -2.522672637717227
 2.003213608351838 -3.122772867642108
 3.674648756755836 -2.160391063874345
 3.487580546353229 -3.036365590867456
 2.970596733488196 -3.463723261005544
 4.340381099777323 -2.756507746887607
 3.928121286293121 -2.630147616067593
 3.261051137854415 -3.41896834584538
 1.837201307709128 -3.760707572246677
 3.01187026289836 -2.492132509732802
 4.295571413262149 -3.848085228269205
 1.612952500089126 -2.617856602375817
 2.293025353528502 -2.634432658953508
 4.4492230988696 -4.234507938696561
 1.790495117303329 -2.772213687160725
 3.134678017920405 -2.929697292380321
 3.13159720100695 -3.721478241678619
 3.259949763536723 -3.844238191574244
 4.598412929177599 -5.854868714896918
 1.567011101138386 -2.767032965288505
 1.991870636563338 -3.518947448331358
 4.075497300631138 -2.521775028666414
 1.72558808106038 -3.784147383242046
 3.02069749115212 -2.008113095501051
 3.186156111847654 -3.485365318925686
 4.728619846683999 -2.20736495377816
 3.678907187180316 -3.540751080915951
 3.296273673788771 -1.546291166707381
 1.01450567661778 -4.483349995325024
 3.260738023916273 -1.810517848891337
 3.117972033609074 -4.031551332485203
 3.477304319505947 -4.338507541207368
 2.894133598478013 -4.685732654313
 1.690253619414629 -3.219406457160586
 2.924768864690807 -4.141681032120149
 3.768199784867898 -3.155004524230555
 0.7835129772890297 -3.68263738432243
 3.43138915519356 -2.856576036324856
 1.747832902415976 -1.546114055572922
 2.580026776576317 -3.625705717415187
 3.345132222910177 -2.606038441709693
 2.483654932482125 -2.646880302139926
 2.987607222432018 -1.896916099489307
 3.480783582900683 -5.796173740494226
 3.542665995070062 -4.087932864287256
 1.951357355195798 -3.364129249709252
 2.970028322461642 -3.716839506512224
 3.021380590870153 -4.015035078927808
 3.484383619834854 -2.433216580523267
 3.174719846525762 -4.14301438861812
 1.411495041304468 -1.637295127154946
 1.678430562585187 -3.094531083808739
 1.42081524929411 -4.586389238335381
 2.8383326003006 -3.33592992077472
 2.722134316467204 -2.905850160077143
 3.764935292482706 -2.010128109081925
 2.625920866589628 -1.838764584857987
 3.566014522980457 -2.110005023832885
 1.475168052406222 -3.682609048514797
 3.213814077282779 -2.92320127971645
 4.041618992252305 -2.814211732361328
 1.567308173977047 -5.453617796942657
 3.012856564179592 -2.936867816491605
 2.317884282953183 -3.007644685323815
 3.081217630665211 -1.718024489943321
 3.928613091810326 -4.341835212025601
 2.246288709038673 -2.619362088064727
 1.737063211470935 -2.666132883175386
 2.183152802360967 -1.965846360732309
 3.885982144366873 -2.986599879067647
 1.720363923328648 -1.984182320710029
 1.534105644915518 -3.248616741933862
 3.480740565373776 -3.574087739965704
 3.311365817068287 -2.417201017025415
 2.853909734102238 -3.623076740768871
 0.886101338182431 -1.458920694267258
 4.104018320184138 -2.852803629207354
 2.166580015466612 -2.838306156719083
 2.336186717829031 -4.066504296741996
 3.76848285371599 -3.113741651965009
 2.848492079786193 -2.008716884459206
 2.593628859419868 -4.293364604942041
 3.525897186363412 -2.471117067117803
 2.533323548731016 -3.067293906897386
 3.058561035866137 -1.187421366907031
 0.892315831472712 -3.98827550819875
 3.092031309821925 -1.557655741623439
 2.116365499933452 -3.034354618552417
 3.393772559902557 -3.527302018301646
 2.04221798263453 -3.145907261909741
 1.653139237409888 -3.594715442991483
 0.8579443322199518 -4.324369362591022
 4.13320101532332 -2.935407479762679
 2.237878514172651 -3.893877774589642
 3.842140966918384 -2.204922880146365
 4.133463630467501 -3.930146885848519
 2.731430071072539 -3.958658829090241
 2.971974709818094 -3.823262230737175
 3.050459403824744 -0.9196324421578645
 0.9307861304059761 -1.561980436248374
 1.694885488214076 -2.90830879584401
 5.453523802914729 -3.666206157606722
 2.077894872976737 -2.378387825822851
 2.802055197208541 -3.386511050091627
 3.301741934768029 -3.289569392736279
 2.218880748815452 -1.160834253446249
 3.122916227131378 -2.984572765902597
 4.457321507134644 -3.312336466734117
 1.79815484466666 -4.385161065561518
 2.330252100658857 -2.810333956508217
 1.597051334751542 -3.19494130250867
 2.598825348610837 -1.01490929732053
 3.784271829890533 -4.767575586972911
 2.693234828244338 -2.835462815612902
 3.762629734320115 -3.532355047221743
 2.304487986554447 -3.360322510153851
 2.704073276931186 -1.945391965933692
 2.46921363421223 -2.765590476024376
 3.367879770090955 -2.818206276508717
 2.600219466743923 -2.223726350368247
 4.625760204128515 -4.361324464383364
 4.091727196540715 -3.71787472170488
 1.255591487169618 -1.672787058682373
 3.291137509153415 -1.623520643476433
 3.352319398286658 -2.934119177385357
 3.417134708102847 -2.999187795268773
 2.290175326071138 -3.678559449838083
 2.420942098443026 -3.171092016205415
 2.047971809224038 -1.600559453635664
 3.596904951147978 -1.493498225168174
 4.654715375905059 -1.300246089196746
 2.577365243913235 -2.728067314255267
 3.149647783896231 -3.363335385486522
 1.86865930666445 -1.166985050653293
 3.170929242378032 -1.958583223957783
 1.196377988468172 -3.378270903037037
 2.082026700682834 -2.725945788915408
 2.237092400223358 -3.542709203609907
 4.565103918101379 -2.796991095324155
 2.47740383029442 -2.051185562288963
 3.712942559321072 -3.200272922216169
 1.617270452712053 -2.630542875597589
 2.851437335174284 -3.126019732446052
 3.922974732255749 -2.461359649847464
 2.45196815669647 -1.522599647511745
 4.262702035533231 -3.458097120820883
 4.974531047524541 -2.63900015139362
 1.490820347027954 -2.365104295726947
 3.831006122013703 -4.100913006645843
 1.311003412847884 -2.341491042444197
 1.642958217762275 -3.32548168784301
 2.953901572621696 -3.591117201232093
 3.05545713260815 -2.95860870640498
 2.586691371541661 -2.541761622707154
 1.060615952953947 -4.01177033368256
 3.512691862706638 -2.70377290906572
 3.322599299305553 -1.785834567733859
 3.82058671621503 -2.902485450501207
 2.240506652358699 -2.403916111900514
 2.467191960556165 -2.828292244828669
 3.190005346103848 -3.324042240758162
 1.928459949809563 -2.543155674243591
 2.85354936929844 -1.039619215714509
 4.065823994025603 -1.406020836691156
 4.60598879942826 -1.797921110824329
 2.356437899145203 -0.399857471304077
 2.004043705667037 -2.788874562419128
 2.994233695365838 -4.279601695428232
 2.709524427790788 -5.262477875262642
 -1.656026564715651 -2.848895657770543
 -2.037328233983987 -2.617218771013764
 -2.497674236648401 -3.181392704788367
 -2.632253596641688 -2.195995417389178
 -3.807913697871732 -2.730790903829569
 -3.000983973705238 -1.744264391216633
 -4.836758203683967 -1.90719403635367
 -2.295002488314424 -3.093938526697063
 -3.492682031544783 -2.729830015694856
 -3.515488056262638 -3.874627205335213
 -2.714029080076147 -4.101405755352134
 -1.719862540710795 -3.093798423520932
 -3.578072531995869 -2.141979839812862
 -3.451037914706308 -3.439141313020332
 -2.27963880938996 -2.917292412842738
 -4.529276070923613 -5.12500790912578
 -3.198930301845778 -3.023738408322413
 -3.009859049243731 -2.786173892277763
 -4.033372812651856 -3.766134258713375
 -4.23033146352275 -3.489958054244214
 -2.026184770821048 -2.574831737534542
 -3.953226993994805 -4.02727971664388
 -2.622372773431688 -3.806839377383354
 -4.346928354833395 -3.043241099378634
 -3.114291692551175 -1.612521523909897
 -3.28638213721774 -3.21921427424923
 -3.953881511775158 -2.228783340065295
 -3.512529228461341 -4.144831375404672
 -4.099630406610698 -3.107244481219829
 -2.976912398112598 -2.467745181811673
 -5.002101545683132 -2.382498778648887
 -2.58749993522321 -2.776844100112615
 -3.021574561295896 -5.327888098428836
 -3.489706089574218 -1.621262791157182
 -2.718251426367286 -4.22115983200467
 -4.448216208647671 -3.710678623645122
 -4.036213673525886 -2.326822361798307
 -1.27495991228858 -1.876493141167521
 -2.516568352067701 -1.756516701145793
 -1.638194237548925 -2.206105020956292
 -0.9018300090313494 -4.070422993543656
 -3.548707138782475 -2.795330909603847
 -3.466499011112826 -1.398526428549708
 -3.947017520315907 -4.202461279575553
 -3.003302609500127 -3.394862396046257
 -2.178853568270853 -2.620080211748342
 -2.726278664004504 -2.307511478574816
 -5.037566782201891 -0.7647087359168268
 -3.083237844942216 -3.230362906641565
 -2.983481603415621 -2.82729714637281
 -2.541357652986744 -3.447144425137608
 -3.139504569257037 -3.606415592728124
 -5.846102645474967 -4.940419592207651
 -3.870531957802415 -3.426196218158474
 -2.998049271777787 -5.595013594029369
 -2.727928472037159 -4.066963314274947
 -1.983772782413895 -3.848062849074397
 -2.99348236975764 -3.109887762176141
 -4.007544255757752 -2.430697992078066
 -1.347868187509912 -2.377228343551376
 -3.970077888207829 -2.617317683896532
 -3.033162264806581 -2.848176135148341
 -3.282307375417507 -3.282592826827165
 -3.098993114903353 -4.173116401490981
 -2.719186718299431 -3.834344424592879
 -2.536727877078159 -4.722524533491976
 -1.127553824083926 -2.585867738096699
 -1.751122139438974 -3.053272271987281
 -3.27947710646268 -3.983404506717243
 -2.885761843651036 -1.433339420059149
 -2.638844003805839 -3.460213180240826
 -2.561738426481416 -1.552795600004409
 -2.839639423987205 -3.552007502989737
 -3.076676741585309 -1.601084418866255
 -2.723760842023891 -3.553558588106155
 -3.550659149327355 -4.623824984192684
 -2.808724383828347 -2.101396180743709
 -2.046474231529006 -3.830484020584315
 -3.615787964194376 -5.851444003089666
 -1.92732609438627 -2.595304744657307
 -2.924639303402528 -4.099538891860267
 -4.388792956288006 -2.522672637717227
 -3.996786391648162 -3.122772867642108
 -2.325351243244164 -2.160391063874345
 -2.512419453646771 -3.036365590867456
 -3.029403266511804 -3.463723261005544
 -1.659618900222676 -2.756507746887607
 -2.071878713706879 -2.630147616067593
 -2.738948862145585 -3.41896834584538
 -4.162798692290872 -3.760707572246677
 -2.98812973710164 -2.492132509732802
 -1.704428586737852 -3.848085228269205
 -4.387047499910874 -2.617856602375817
 -3.706974646471498 -2.634432658953508
 -1.5507769011304 -4.234507938696561
 -4.209504882696671 -2.772213687160725
 -2.865321982079595 -2.929697292380321
 -2.86840279899305 -3.721478241678619
 -2.740050236463277 -3.844238191574244
 -1.401587070822401 -5.854868714896918
 -4.432988898861614 -2.767032965288505
 -4.008129363436662 -3.518947448331358
 -1.924502699368861 -2.521775028666414
 -4.27441191893962 -3.784147383242046
 -2.97930250884788 -2.008113095501051
 -2.813843888152346 -3.485365318925686
 -1.271380153316001 -2.20736495377816
 -2.321092812819684 -3.540751080915951
 -2.703726326211229 -1.546291166707381
 -4.98549432338222 -4.483349995325024
 -2.739261976083727 -1.810517848891337
 -2.882027966390926 -4.031551332485203
 -2.522695680494053 -4.338507541207368
 -3.105866401521987 -4.685732654313
 -4.309746380585372 -3.219406457160586
 -3.075231135309193 -4.141681032120149
 -2.231800215132102 -3.155004524230555
 -5.21648702271097 -3.68263738432243
 -2.56861084480644 -2.856576036324856
 -4.252167097584024 -1.546114055572922
 -3.419973223423683 -3.625705717415187
 -2.654867777089823 -2.606038441709693
 -3.516345067517875 -2.646880302139926
 -3.012392777567982 -1.896916099489307
 -2.519216417099317 -5.796173740494226
 -2.457334004929938 -4.087932864287256
 -4.048642644804202 -3.364129249709252
 -3.029971677538358 -3.716839506512224
 -2.978619409129847 -4.015035078927808
 -2.515616380165146 -2.433216580523267
 -2.825280153474238 -4.14301438861812
 -4.588504958695531 -1.637295127154946
 -4.321569437414813 -3.094531083808739
 -4.57918475070589 -4.586389238335381
 -3.1616673996994 -3.33592992077472
 -3.277865683532796 -2.905850160077143
 -2.235064707517294 -2.010128109081925
 -3.374079133410372 -1.838764584857987
 -2.433985477019543 -2.110005023832885
 -4.524831947593778 -3.682609048514797
 -2.786185922717221 -2.92320127971645
 -1.958381007747695 -2.814211732361328
 -4.432691826022953 -5.453617796942657
 -2.987143435820408 -2.936867816491605
 -3.682115717046817 -3.007644685323815
 -2.918782369334789 -1.718024489943321
 -2.071386908189674 -4.341835212025601
 -3.753711290961327 -2.619362088064727
 -4.262936788529064 -2.666132883175386
 -3.816847197639033 -1.965846360732309
 -2.114017855633127 -2.986599879067647
 -4.279636076671352 -1.984182320710029
 -4.465894355084481 -3.248616741933862
 -2.519259434626224 -3.574087739965704
 -2.688634182931713 -2.417201017025415
 -3.146090265897762 -3.623076740768871
 -5.113898661817569 -1.458920694267258
 -1.895981679815862 -2.852803629207354
 -3.833419984533388 -2.838306156719083
 -3.663813282170969 -4.066504296741996
 -2.23151714628401 -3.113741651965009
 -3.151507920213807 -2.008716884459206
 -3.406371140580132 -4.293364604942041
 -2.474102813636588 -2.471117067117803
 -3.466676451268984 -3.067293906897386
 -2.941438964133863 -1.187421366907031
 -5.107684168527288 -3.98827550819875
 -2.907968690178075 -1.557655741623439
 -3.883634500066548 -3.034354618552417
 -2.606227440097443 -3.527302018301646
 -3.95778201736547 -3.145907261909741
 -4.346860762590111 -3.594715442991483
 -5.142055667780048 -4.324369362591022
 -1.86679898467668 -2.935407479762679
 -3.762121485827349 -3.893877774589642
 -2.157859033081616 -2.204922880146365
 -1.866536369532499 -3.930146885848519
 -3.268569928927461 -3.958658829090241
 -3.028025290181906 -3.823262230737175
 -2.949540596175256 -0.9196324421578645
 -5.069213869594024 -1.561980436248374
 -4.305114511785924 -2.90830879584401
 -0.546476197085271 -3.666206157606722
 -3.922105127023263 -2.378387825822851
 -3.197944802791459 -3.386511050091627
 -2.698258065231971 -3.289569392736279
 -3.781119251184548 -1.160834253446249
 -2.877083772868622 -2.984572765902597
 -1.542678492865356 -3.312336466734117
 -4.20184515533334 -4.385161065561518
 -3.669747899341143 -2.810333956508217
 -4.402948665248458 -3.19494130250867
 -3.401174651389163 -1.01490929732053
 -2.215728170109467 -4.767575586972911
 -3.306765171755662 -2.835462815612902
 -2.237370265679885 -3.532355047221743
 -3.695512013445553 -3.360322510153851
 -3.295926723068814 -1.945391965933692
 -3.53078636578777 -2.765590476024376
 -2.632120229909045 -2.818206276508717
 -3.399780533256077 -2.223726350368247
 -1.374239795871485 -4.361324464383364
 -1.908272803459285 -3.71787472170488
 -4.744408512830382 -1.672787058682373
 -2.708862490846585 -1.623520643476433
 -2.647680601713342 -2.934119177385357
 -2.582865291897153 -2.999187795268773
 -3.709824673928862 -3.678559449838083
 -3.579057901556974 -3.171092016205415
 -3.952028190775962 -1.600559453635664
 -2.403095048852022 -1.493498225168174
 -1.345284624094942 -1.300246089196746
 -3.422634756086765 -2.728067314255267
 -2.850352216103769 -3.363335385486522
 -4.13134069333555 -1.166985050653293
 -2.829070757621968 -1.958583223957783
 -4.803622011531828 -3.378270903037037
 -3.917973299317166 -2.725945788915408
 -3.762907599776642 -3.542709203609907
 -1.43489608189862 -2.796991095324155
 -3.52259616970558 -2.051185562288963
 -2.287057440678928 -3.200272922216169
 -4.382729547287947 -2.630542875597589
 -3.148562664825716 -3.126019732446052
 -2.077025267744251 -2.461359649847464
 -3.54803184330353 -1.522599647511745
 -1.73729796446677 -3.458097120820883
 -1.025468952475459 -2.63900015139362
 -4.509179652972047 -2.365104295726947
 -2.168993877986297 -4.100913006645843
 -4.688996587152116 -2.341491042444197
 -4.357041782237725 -3.32548168784301
 -3.046098427378304 -3.591117201232093
 -2.94454286739185 -2.95860870640498
 -3.413308628458339 -2.541761622707154
 -4.939384047046054 -4.01177033368256
 -2.487308137293362 -2.70377290906572
 -2.677400700694447 -1.785834567733859
 -2.17941328378497 -2.902485450501207
 -3.759493347641301 -2.403916111900514
 -3.532808039443835 -2.828292244828669
 -2.809994653896152 -3.324042240758162
 -4.071540050190437 -2.543155674243591
 -3.14645063070156 -1.039619215714509
 -1.934176005974397 -1.406020836691156
 -1.39401120057174 -1.797921110824329
 -3.643562100854797 -0.399857471304077
 -3.995956294332963 -2.788874562419128
 -3.005766304634162 -4.279601695428232
 -3.290475572209212 -5.262477875262642
 -1.656026564715651 3.151104342229457
 -2.037328233983987 3.382781228986236
 -2.497674236648401 2.818607295211633
 -2.632253596641688 3.804004582610822
 -3.807913697871732 3.269209096170431
 -3.000983973705238 4.255735608783366
 -4.836758203683967 4.092805963646329
 -2.295002488314424 2.906061473302937
 -3.492682031544783 3.270169984305144
 -3.515488056262638 2.125372794664787
 -2.714029080076147 1.898594244647866
 -1.719862540710795 2.906201576479068
 -3.578072531995869 3.858020160187138
 -3.451037914706308 2.560858686979668
 -2.27963880938996 3.082707587157262
 -4.529276070923613 0.8749920908742199
 -3.198930301845778 2.976261591677587
 -3.009859049243731 3.213826107722237
 -4.033372812651856 2.233865741286625
 -4.23033146352275 2.510041945755786
 -2.026184770821048 3.425168262465458
 -3.953226993994805 1.97272028335612
 -2.622372773431688 2.193160622616646
 -4.346928354833395 2.956758900621366
 -3.114291692551175 4.387478476090103
 -3.28638213721774 2.78078572575077
 -3.953881511775158 3.771216659934705
 -3.512529228461341 1.855168624595328
 -4.099630406610698 2.892755518780171
 -2.976912398112598 3.532254818188327
 -5.002101545683132 3.617501221351113
 -2.58749993522321 3.223155899887385
 -3.021574561295896 0.6721119015711641
 -3.489706089574218 4.378737208842818
 -2.718251426367286 1.778840167995331
 -4.448216208647671 2.289321376354878
 -4.036213673525886 3.673177638201693
 -1.27495991228858 4.12350685883248
 -2.516568352067701 4.243483298854207
 -1.638194237548925 3.793894979043708
 -0.9018300090313494 1.929577006456344
 -3.548707138782475 3.204669090396153
 -3.466499011112826 4.601473571450292
 -3.947017520315907 1.797538720424447
 -3.003302609500127 2.605137603953743
 -2.178853568270853 3.379919788251658
 -2.726278664004504 3.692488521425184
 -5.037566782201891 5.235291264083173
 -3.083237844942216 2.769637093358435
 -2.983481603415621 3.17270285362719
 -2.541357652986744 2.552855574862392
 -3.139504569257037 2.393584407271876
 -5.846102645474967 1.059580407792349
 -3.870531957802415 2.573803781841526
 -2.998049271777787 0.404986405970631
 -2.727928472037159 1.933036685725053
 -1.983772782413895 2.151937150925603
 -2.99348236975764 2.890112237823859
 -4.007544255757752 3.569302007921934
 -1.347868187509912 3.622771656448624
 -3.970077888207829 3.382682316103468
 -3.033162264806581 3.151823864851659
 -3.282307375417507 2.717407173172835
 -3.098993114903353 1.826883598509019
 -2.719186718299431 2.165655575407121
 -2.536727877078159 1.277475466508024
 -1.127553824083926 3.414132261903301
 -1.751122139438974 2.946727728012719
 -3.27947710646268 2.016595493282757
 -2.885761843651036 4.566660579940852
 -2.638844003805839 2.539786819759174
 -2.561738426481416 4.447204399995591
 -2.839639423987205 2.447992497010263
 -3.076676741585309 4.398915581133745
 -2.723760842023891 2.446441411893845
 -3.550659149327355 1.376175015807316
 -2.808724383828347 3.898603819256291
 -2.046474231529006 2.169515979415685
 -3.615787964194376 0.1485559969103338
 -1.92732609438627 3.404695255342693
 -2.924639303402528 1.900461108139732
 -4.388792956288006 3.477327362282773
 -3.996786391648162 2.877227132357892
 -2.325351243244164 3.839608936125655
 -2.512419453646771 2.963634409132544
 -3.029403266511804 2.536276738994456
 -1.659618900222676 3.243492253112393
 -2.071878713706879 3.369852383932407
 -2.738948862145585 2.58103165415462
 -4.162798692290872 2.239292427753323
 -2.98812973710164 3.507867490267198
 -1.704428586737852 2.151914771730795
 -4.387047499910874 3.382143397624183
 -3.706974646471498 3.365567341046492
 -1.5507769011304 1.765492061303439
 -4.209504882696671 3.227786312839275
 -2.865321982079595 3.070302707619679
 -2.86840279899305 2.278521758321381
 -2.740050236463277 2.155761808425756
 -1.401587070822401 0.1451312851030813
 -4.432988898861614 3.232967034711495
 -4.008129363436662 2.481052551668642
 -1.924502699368861 3.478224971333586
 -4.27441191893962 2.215852616757954
 -2.97930250884788 3.991886904498949
 -2.813843888152346 2.514634681074314
 -1.271380153316001 3.79263504622184
 -2.321092812819684 2.459248919084049
 -2.703726326211229 4.45370883329262
 -4.98549432338222 1.516650004674976
 -2.739261976083727 4.189482151108663
 -2.882027966390926 1.968448667514797
 -2.522695680494053 1.661492458792633
 -3.105866401521987 1.314267345687
 -4.309746380585372 2.780593542839414
 -3.075231135309193 1.858318967879851
 -2.231800215132102 2.844995475769445
 -5.21648702271097 2.31736261567757
 -2.56861084480644 3.143423963675144
 -4.252167097584024 4.453885944427078
 -3.419973223423683 2.374294282584813
 -2.654867777089823 3.393961558290307
 -3.516345067517875 3.353119697860074
 -3.012392777567982 4.103083900510693
 -2.519216417099317 0.2038262595057749
 -2.457334004929938 1.912067135712744
 -4.048642644804202 2.635870750290748
 -3.029971677538358 2.283160493487776
 -2.978619409129847 1.984964921072193
 -2.515616380165146 3.566783419476733
 -2.825280153474238 1.85698561138188
 -4.588504958695531 4.362704872845054
 -4.321569437414813 2.905468916191261
 -4.57918475070589 1.413610761664619
 -3.1616673996994 2.66407007922528
 -3.277865683532796 3.094149839922857
 -2.235064707517294 3.989871890918075
 -3.374079133410372 4.161235415142013
 -2.433985477019543 3.889994976167115
 -4.524831947593778 2.317390951485203
 -2.786185922717221 3.07679872028355
 -1.958381007747695 3.185788267638672
 -4.432691826022953 0.5463822030573424
 -2.987143435820408 3.063132183508395
 -3.682115717046817 2.992355314676185
 -2.918782369334789 4.281975510056679
 -2.071386908189674 1.658164787974399
 -3.753711290961327 3.380637911935273
 -4.262936788529064 3.333867116824614
 -3.816847197639033 4.034153639267691
 -2.114017855633127 3.013400120932353
 -4.279636076671352 4.01581767928997
 -4.465894355084481 2.751383258066138
 -2.519259434626224 2.425912260034296
 -2.688634182931713 3.582798982974585
 -3.146090265897762 2.376923259231129
 -5.113898661817569 4.541079305732742
 -1.895981679815862 3.147196370792646
 -3.833419984533388 3.161693843280917
 -3.663813282170969 1.933495703258004
 -2.23151714628401 2.886258348034991
 -3.151507920213807 3.991283115540794
 -3.406371140580132 1.706635395057959
 -2.474102813636588 3.528882932882197
 -3.466676451268984 2.932706093102614
 -2.941438964133863 4.812578633092969
 -5.107684168527288 2.01172449180125
 -2.907968690178075 4.442344258376561
 -3.883634500066548 2.965645381447583
 -2.606227440097443 2.472697981698354
 -3.95778201736547 2.854092738090259
 -4.346860762590111 2.405284557008517
 -5.142055667780048 1.675630637408978
 -1.86679898467668 3.064592520237321
 -3.762121485827349 2.106122225410358
 -2.157859033081616 3.795077119853635
 -1.866536369532499 2.069853114151481
 -3.268569928927461 2.041341170909759
 -3.028025290181906 2.176737769262825
 -2.949540596175256 5.080367557842136
 -5.069213869594024 4.438019563751626
 -4.305114511785924 3.09169120415599
 -0.546476197085271 2.333793842393278
 -3.922105127023263 3.621612174177149
 -3.197944802791459 2.613488949908373
 -2.698258065231971 2.710430607263721
 -3.781119251184548 4.839165746553752
 -2.877083772868622 3.015427234097403
 -1.542678492865356 2.687663533265883
 -4.20184515533334 1.614838934438482
 -3.669747899341143 3.189666043491783
 -4.402948665248458 2.80505869749133
 -3.401174651389163 4.985090702679471
 -2.215728170109467 1.232424413027089
 -3.306765171755662 3.164537184387098
 -2.237370265679885 2.467644952778257
 -3.695512013445553 2.639677489846149
 -3.295926723068814 4.054608034066309
 -3.53078636578777 3.234409523975624
 -2.632120229909045 3.181793723491283
 -3.399780533256077 3.776273649631753
 -1.374239795871485 1.638675535616636
 -1.908272803459285 2.28212527829512
 -4.744408512830382 4.327212941317628
 -2.708862490846585 4.376479356523567
 -2.647680601713342 3.065880822614643
 -2.582865291897153 3.000812204731227
 -3.709824673928862 2.321440550161917
 -3.579057901556974 2.828907983794585
 -3.952028190775962 4.399440546364336
 -2.403095048852022 4.506501774831826
 -1.345284624094942 4.699753910803254
 -3.422634756086765 3.271932685744733
 -2.850352216103769 2.636664614513478
 -4.13134069333555 4.833014949346707
 -2.829070757621968 4.041416776042217
 -4.803622011531828 2.621729096962963
 -3.917973299317166 3.274054211084592
 -3.762907599776642 2.457290796390093
 -1.43489608189862 3.203008904675845
 -3.52259616970558 3.948814437711037
 -2.287057440678928 2.799727077783831
 -4.382729547287947 3.369457124402411
 -3.148562664825716 2.873980267553948
 -2.077025267744251 3.538640350152536
 -3.54803184330353 4.477400352488255
 -1.73729796446677 2.541902879179117
 -1.025468952475459 3.36099984860638
 -4.509179652972047 3.634895704273053
 -2.168993877986297 1.899086993354157
 -4.688996587152116 3.658508957555803
 -4.357041782237725 2.67451831215699
 -3.046098427378304 2.408882798767907
 -2.94454286739185 3.04139129359502
 -3.413308628458339 3.458238377292846
 -4.939384047046054 1.98822966631744
 -2.487308137293362 3.29622709093428
 -2.677400700694447 4.214165432266141
 -2.17941328378497 3.097514549498793
 -3.759493347641301 3.596083888099486
 -3.532808039443835 3.171707755171331
 -2.809994653896152 2.675957759241838
 -4.071540050190437 3.456844325756409
 -3.14645063070156 4.960380784285491
 -1.934176005974397 4.593979163308845
 -1.39401120057174 4.20207888917567
 -3.643562100854797 5.600142528695923
 -3.995956294332963 3.211125437580872
 -3.005766304634162 1.720398304571768
 -3.290475572209212 0.7375221247373589
